authenticated=714ff3ba84d21d6809cd52a982765684731aaac8



groups=gaos23; password=JDJ5JDEwJHNDMC5SLnUyb2dyYmJtcU5RVjgvQmU4NHJRZDMxcmxXOHNNM09YRzd0clJjaE5QUW45dzRX; _ga=GA1.2.196537539.1541372058; ajs_user_id=null; ajs_group_id=null; ajs_anonymous_id="31b65f70-e82a-489f-9357-143690eba42c"; __utmz=80390417.1546989325.1.1.utmcsr=google|utmccn=(organic)|utmcmd=organic|utmctr=(not provided); __utma=80390417.196537539.1541372058.1552201460.1556596375.6; _gid=GA1.2.1496632069.1557770587; authenticated=714ff3ba84d21d6809cd52a982765684731aaac8

authenticated=714ff3ba84d21d6809cd52a982765684731aaac8